%YAML:1.0
image_width: 1280
image_height: 720
camera_name: narrow_stereo
camera_matrix: !!opencv-matrix
  rows: 3
  cols: 3
  dt: d
  data: [1090.371044, 0.000000, 657.189260, 0.000000, 1093.390164, 357.719748, 0.000000, 0.000000, 1.000000]
distortion_model: plumb_bob
distortion_coefficients: !!opencv-matrix
  rows: 1
  cols: 5
  dt: d
  data: [0.043746, -0.166105, 0.004617, 0.000403, 0.000000]
rectification_matrix: !!opencv-matrix
  rows: 3
  cols: 3
  dt: d
  data: [1.000000, 0.000000, 0.000000, 0.000000, 1.000000, 0.000000, 0.000000, 0.000000, 1.000000]
projection_matrix: !!opencv-matrix
  rows: 3
  cols: 4
  dt: d
  data: [1084.297241, 0.000000, 658.100881, 0.000000, 0.000000, 1095.425049, 359.021378, 0.000000, 0.000000, 0.000000, 1.000000, 0.000000]
