# oST version 5.0 parameters


[image]

width
1280

height
720

[narrow_stereo]

camera matrix
1090.371044 0.000000 657.189260
0.000000 1093.390164 357.719748
0.000000 0.000000 1.000000

distortion
0.043746 -0.166105 0.004617 0.000403 0.000000

rectification
1.000000 0.000000 0.000000
0.000000 1.000000 0.000000
0.000000 0.000000 1.000000

projection
1084.297241 0.000000 658.100881 0.000000
0.000000 1095.425049 359.021378 0.000000
0.000000 0.000000 1.000000 0.000000

